Sample Period 1960.00  1983.99 
Period 1960.00  1983.99 
Number of Observations   91.00 
D4 Series
sd

    2.08 
    1.33 
    2.33 
    2.55 
    2.58 
    2.35 
    2.55 
Average Coherence ... All Frequencies

    1.00        .        .        .        .        .        . 
    0.15     1.00        .        .        .        .        . 
    0.30     0.46     1.00        .        .        .        . 
    0.25     0.37     0.15     1.00        .        .        . 
    0.20     0.22     0.25     0.27     1.00        .        . 
    0.20     0.46     0.41     0.13     0.27     1.00        . 
    0.47     0.26     0.32     0.13     0.17     0.25     1.00 
Correlation ... All Frequencies

    1.00        .        .        .        .        .        . 
    0.31     1.00        .        .        .        .        . 
    0.57     0.56     1.00        .        .        .        . 
    0.35     0.52     0.33     1.00        .        .        . 
    0.33     0.29     0.39     0.22     1.00        .        . 
    0.31     0.52     0.50     0.12     0.44     1.00        . 
    0.72     0.38     0.53     0.20     0.33     0.42     1.00 
BP Series
sd

    1.20 
    0.72 
    1.31 
    1.47 
    1.51 
    1.33 
    1.50 
Average Coherence ... BC Frequencies

    1.00        .        .        .        .        .        . 
    0.32     1.00        .        .        .        .        . 
    0.59     0.57     1.00        .        .        .        . 
    0.37     0.55     0.34     1.00        .        .        . 
    0.32     0.27     0.35     0.31     1.00        .        . 
    0.30     0.53     0.51     0.13     0.42     1.00        . 
    0.75     0.40     0.55     0.20     0.30     0.42     1.00 
Correlation ... BC Frequencies

    1.00        .        .        .        .        .        . 
    0.36     1.00        .        .        .        .        . 
    0.62     0.60     1.00        .        .        .        . 
    0.39     0.56     0.37     1.00        .        .        . 
    0.35     0.31     0.41     0.24     1.00        .        . 
    0.34     0.56     0.55     0.15     0.47     1.00        . 
    0.76     0.44     0.59     0.23     0.34     0.46     1.00 
Sample Period 1984.00  2003.00 
Period 1984.00  2003.00 
Number of Observations   76.00 
D4 Series
sd

    2.05 
    1.43 
    1.36 
    1.22 
    1.85 
    1.58 
    1.56 
Average Coherence ... All Frequencies

    1.00        .        .        .        .        .        . 
    0.23     1.00        .        .        .        .        . 
    0.36     0.48     1.00        .        .        .        . 
    0.19     0.55     0.33     1.00        .        .        . 
    0.28     0.17     0.29     0.18     1.00        .        . 
    0.34     0.27     0.17     0.32     0.14     1.00        . 
    0.45     0.30     0.15     0.20     0.20     0.39     1.00 
Correlation ... All Frequencies

    1.00        .        .        .        .        .        . 
    0.56     1.00        .        .        .        .        . 
    0.09     0.54     1.00        .        .        .        . 
    0.45     0.79     0.49     1.00        .        .        . 
   -0.02     0.15     0.33     0.13     1.00        .        . 
    0.70     0.58     0.18     0.56     0.03     1.00        . 
    0.81     0.64     0.24     0.42     0.04     0.68     1.00 
BP Series
sd

    1.16 
    0.76 
    0.73 
    0.68 
    1.06 
    0.86 
    0.85 
Average Coherence ... BC Frequencies

    1.00        .        .        .        .        .        . 
    0.35     1.00        .        .        .        .        . 
    0.33     0.56     1.00        .        .        .        . 
    0.27     0.78     0.50     1.00        .        .        . 
    0.32     0.19     0.40     0.19     1.00        .        . 
    0.44     0.41     0.24     0.45     0.24     1.00        . 
    0.64     0.38     0.18     0.19     0.21     0.42     1.00 
Correlation ... BC Frequencies

    1.00        .        .        .        .        .        . 
    0.50     1.00        .        .        .        .        . 
    0.08     0.59     1.00        .        .        .        . 
    0.42     0.79     0.53     1.00        .        .        . 
   -0.03     0.20     0.42     0.18     1.00        .        . 
    0.68     0.51     0.15     0.54     0.04     1.00        . 
    0.79     0.59     0.23     0.37     0.07     0.64     1.00 
Sample Period 1960.00  1983.99 
 Raw 4 Quarter Difs
Period 
 1960.00  1983.99 
nobs   92.00 
Std X

    2.19 
    1.38 
    2.40 
    2.62 
    2.75 
    2.37 
    2.67 

    1.00     0.31     0.50     0.30     0.20     0.26     0.77 
    0.31     1.00     0.56     0.59     0.40     0.54     0.39 
    0.50     0.56     1.00     0.35     0.46     0.53     0.52 
    0.30     0.59     0.35     1.00     0.28     0.13     0.21 
    0.20     0.40     0.46     0.28     1.00     0.48     0.32 
    0.26     0.54     0.53     0.13     0.48     1.00     0.46 
    0.77     0.39     0.52     0.21     0.32     0.46     1.00 
Sample Period 1984.00  2003.00 
 Raw 4 Quarter Difs
Period 
 1984.00  2003.00 
nobs   76.00 
Std X

    2.05 
    1.28 
    1.41 
    1.21 
    1.90 
    1.65 
    1.63 

    1.00     0.33     0.12     0.38    -0.05     0.72     0.80 
    0.33     1.00     0.59     0.77     0.28     0.33     0.26 
    0.12     0.59     1.00     0.59     0.38     0.11     0.22 
    0.38     0.77     0.59     1.00     0.34     0.47     0.29 
   -0.05     0.28     0.38     0.34     1.00     0.09     0.02 
    0.72     0.33     0.11     0.47     0.09     1.00     0.58 
    0.80     0.26     0.22     0.29     0.02     0.58     1.00 
Sample Period 1960.00  1983.99 
 Raw BP
Period 
 1960.00  1983.99 
nobs   88.00 
Std X

    1.18 
    0.71 
    1.26 
    1.49 
    1.34 
    1.22 
    1.44 

    1.00     0.20     0.65     0.39     0.27     0.19     0.84 
    0.20     1.00     0.55     0.70     0.36     0.61     0.33 
    0.65     0.55     1.00     0.44     0.49     0.58     0.67 
    0.39     0.70     0.44     1.00     0.18     0.25     0.30 
    0.27     0.36     0.49     0.18     1.00     0.62     0.40 
    0.19     0.61     0.58     0.25     0.62     1.00     0.47 
    0.84     0.33     0.67     0.30     0.40     0.47     1.00 
Sample Period 1984.00  2003.00 
 Raw BP
Period 
 1984.00  2003.00 
nobs   68.00 
Std X

    0.97 
    0.64 
    0.67 
    0.63 
    0.85 
    0.72 
    0.71 

    1.00     0.48     0.19     0.41    -0.07     0.76     0.78 
    0.48     1.00     0.62     0.85     0.17     0.37     0.45 
    0.19     0.62     1.00     0.69     0.41     0.11     0.10 
    0.41     0.85     0.69     1.00     0.28     0.39     0.21 
   -0.07     0.17     0.41     0.28     1.00     0.06    -0.08 
    0.76     0.37     0.11     0.39     0.06     1.00     0.54 
    0.78     0.45     0.10     0.21    -0.08     0.54     1.00 
